======================
2016-11-27 11:44:42.574000
======================
--------------------------------------------
Network structure: , Inputs, Hidden, Outputs
=>, 6,7,5
-----------------------------------------------------------------------
Activation functions: 0= Sigmoid, 1= Tanh, 2= Softmax, for I-H, for H-O
=>, 0,0
---------------------------------------------------
Error advance: Total error at the end of each epoch
=>, 1,2,3,4,5,6,7,8,9,10,11,12,13,14,15,16,17,18,19,20,21,22,23,24,25,26,27,28,29,30,31,32,33,34,35,36,37,38,39,40,41,42,43,44,45,46,47,48,49,50,51,52,53,54,55,56,57,58,59,60,61,62,63,64,65,66,67,68,69,70,71,72,73,74,75,76,77,78,79,80,81,82,83,84,85,86,87,88,89,90,91,92,93,94,95,96,97,98,99,100,101,102,103,104,105,106,107,108,109,110,111,112,113,114,115,116,117,118,119,120,121,122,123,124,125,126,127,128,129,130,131,132,133,134,135,136,137,138,139,140,141,142,143,144,145,146,147,148,149,150,151,152,153,154,155,156,157,158,159,160,161,162,163,164,165,166,167,168,169,170,171,172,173,174,175,176,177,178,179,180,181,182,183,184,185,186,187,188,189,190,191,192,193,194,195,196,197,198,199,200,201,202,203,204,205,206,207,208,209,210,211,212,213,214,215,216,217,218,219,220,221,222,223,224,225,226,227,228,229,230,231,232,233,234,235,236,237,238,239,240,241,242,243,244,245,246,247,248,249,250,251,252,253,254,255,256,257,258,259,260,261,262,263,264,265,266,267,268,269,270,271,272,273,274,275,276,277,278,279,280,281,282,283,284,285,286,287,288,289,290,291,292,293,294,295,296,297,298,299,300
=>, 0.105011947273,0.0896145557272,0.0791701533052,0.0722185921375,0.0672906615296,0.0635700268587,0.0606258407054,0.0582116140138,0.0561758439771,0.0544207197524,0.0528805918982,0.051509793002,0.0502754566984,0.0491531808724,0.0481243503955,0.0471744402631,0.0462919059767,0.0454674331513,0.0446934132971,0.0439635669586,0.0432726663228,0.0426163272211,0.0419908509024,0.0413931022808,0.0408204153212,0.0402705188049,0.0397414774562,0.0392316446293,0.0387396236343,0.0382642354421,0.037804491023,0.0373595669907,0.0369287835731,0.0365115842304,0.0361075164985,0.0357162138492,0.0353373785333,0.0349707654952,0.0346161675302,0.0342734018851,0.0339422984968,0.0336226900221,0.0333144037455,0.0330172553799,0.0327310446933,0.0324555528295,0.0321905411321,0.0319357512454,0.0316909062469,0.0314557125624,0.0312298624303,0.0310130367022,0.0308049077987,0.0306051426716,0.0304134056579,0.0302293611412,0.0300526759638,0.0298830215587,0.0297200757853,0.0295635244711,0.0294130626695,0.0292683956533,0.0291292396656,0.0289953224537,0.0288663836117,0.0287421747577,0.0286224595681,0.0285070136933,0.0283956245734,0.028288091173,0.0281842236518,0.0280838429833,0.0279867805367,0.0278928776304,0.0278019850671,0.0277139626594,0.0276286787502,0.0275460097361,0.0274658395956,0.0273880594288,0.0273125670092,0.0272392663508,0.0271680672931,0.0270988851039,0.0270316401021,0.0269662572998,0.0269026660653,0.0268407998058,0.0267805956703,0.0267219942717,0.0266649394281,0.0266093779224,0.0265552592796,0.0265025355604,0.026451161171,0.0264010926878,0.0263522886966,0.0263047096445,0.0262583177044,0.026213076651,0.0964238830858,0.0742539836043,0.0608925889294,0.0528474951203,0.0475601499399,0.0437508265129,0.040821266998,0.0384679681556,0.0365188114955,0.0348667440748,0.0334406112555,0.0321908383212,0.0310816547455,0.0300865257525,0.0291853097997,0.0283624143897,0.0276055608302,0.0269049352501,0.0262525920932,0.0256420267424,0.0250678638692,0.0245256264783,0.0240115621925,0.0235225107627,0.0230558016543,0.0226091738064,0.0221807118558,0.0217687946401,0.0213720528716,0.0209893336574,0.0206196701344,0.0202622549411,0.0199164166124,0.0195815982771,0.0192573382643,0.0189432524123,0.0186390179982,0.0183443592968,0.01805903482,0.0177828262943,0.017515529415,0.017256946374,0.0170068801066,0.0167651301491,0.0165314899527,0.0163057454608,0.0160876747353,0.0158770484081,0.0156736307419,0.0154771810991,0.0152874556427,0.0151042091245,0.0149271966453,0.0147561753023,0.0145909056675,0.0144311530641,0.0142766886262,0.0141272901439,0.0139827427039,0.0138428391446,0.013707380348,0.0135761753917,0.0134490415839,0.0133258044048,0.0132062973728,0.0130903618543,0.0129778468307,0.0128686086358,0.0127625106734,0.0126594231229,0.0125592226393,0.0124617920527,0.01236702007,0.0122748009824,0.0121850343803,0.0120976248765,0.012012481839,0.0119295191346,0.011848654882,0.0117698112162,0.0116929140638,0.0116178929284,0.0115446806875,0.0114732133993,0.0114034301196,0.0113352727299,0.0112686857739,0.0112036163046,0.0111400137402,0.0110778297291,0.0110170180226,0.010957534357,0.0108993363424,0.0108423833592,0.0107866364609,0.0107320582841,0.0106786129638,0.0106262660545,0.0105749844559,0.010524736344,0.00534706423797,0.00501564898424,0.00484948357322,0.00474032377124,0.00465956965458,0.0045955886204,0.00454251568769,0.00449699026685,0.00445692093273,0.00442093110983,0.00438807798698,0.00435769637501,0.00432930579787,0.00430255226674,0.00427717033621,0.00425295763907,0.00422975740999,0.00420744628364,0.0041859256576,0.00416511550871,0.00414494992117,0.00412537382241,0.00410634057874,0.00408781020806,0.00406974803855,0.00405212369206,0.00403491030568,0.00401808392916,0.00400162305343,0.00398550823743,0.00396972180947,0.00395424762567,0.00393907087229,0.0039241779025,0.00390955610005,0.00389519376458,0.00388108001413,0.00386720470168,0.00385355834322,0.00384013205527,0.00382691750036,0.0038139068391,0.00380109268789,0.00378846808147,0.0037760264395,0.00376376153672,0.00375166747619,0.00373973866515,0.00372796979328,0.00371635581294,0.00370489192131,0.00369357354404,0.00368239632036,0.00367135608948,0.00366044887809,0.00364967088886,0.0036390184899,0.00362848820496,0.00361807670445,0.0036077807971,0.00359759742218,0.00358752364234,0.0035775566369,0.00356769369565,0.00355793221297,0.00354826968248,0.00353870369188,0.00352923191826,0.00351985212358,0.00351056215051,0.0035013599185,0.00349224342008,0.00348321071736,0.00347425993874,0.00346538927586,0.00345659698064,0.00344788136254,0.00343924078594,0.0034306736677,0.00342217847479,0.00341375372212,0.00340539797042,0.00339710982428,0.00338888793026,0.00338073097508,0.00337263768397,0.00336460681904,0.00335663717776,0.00334872759147,0.00334087692408,0.00333308407067,0.0033253479563,0.00331766753479,0.00331004178762,0.00330246972283,0.00329495037398,0.00328748279924,0.00328006608036,0.00327269932189,0.00326538165024
---------------------------------------------
Run conditions: , Number of Epochs, Tolerance
=>, 99,1e-07
-----------------------------------------------
Correlation coefficients: (A number per output)
=>, 0.988828608816,0.977295503308,0.982743890649,0.999640258952,0.999652918934
---------------------------------------
Sum of errors: , Total Error, MSE, RMSE
=>, 0.0104754911055,0.020950982211,0.307763115406
---------------------------------------------------------------
Error details: (Total Error; MSE{per output}; RMSE{per output})
=>, 0.00325811221297
=>, 0.00117488339375,0.000912516891287,0.00101050629465,8.16091846322e-05,7.85964486503e-05
=>, 0.00234976678749,0.00182503378257,0.0020210125893,0.000163218369264,0.000157192897301
--------------------------------------------------------------------------------
Relative contributions (+ve only): of each input (columns) to each output (rows)
=>, 80.8302645456,2.39088008502,1.5072687592,15.2715866102
=>, 59.5364218889,13.1237488458,14.9803509776,12.3594782876
=>, 33.6055204739,2.98977053218,17.2235575602,46.1811514338
=>, 25.2304486406,31.1822035086,42.3668777616,1.22047008914
-----------------------------------------------------------------------------------
Relative contributions (real values): of each input (columns) to each output (rows)
=>, 80.8302645456,2.39088008502,1.5072687592,-15.2715866102
=>, 59.5364218889,13.1237488458,-14.9803509776,-12.3594782876
=>, 33.6055204739,2.98977053218,17.2235575602,-46.1811514338
=>, -25.2304486406,31.1822035086,-42.3668777616,-1.22047008914
------------------------------------------------------------------------------------
Weights and biases: Weights I-H (rows= inputs); a row for H bias; & other for O bias
=>, -5.83298673409,-2.64214128935,-3.3408559515,5.17581070156,4.61114945195,3.06563762525,1.95566629671
=>, 5.15859973418,-0.361534536472,-0.109868945328,-5.62495950476,-5.45061621171,0.393202600306,2.12373491594
=>, -6.85165129735,-0.201017565894,-0.108613950876,6.94692581878,6.18897689523,-0.225335327008,-3.86188435055
=>, 0.322587211588,1.18739085143,1.55007489943,-0.813965478017,0.573720880151,1.03049488815,-0.840956254645
=>, 0.750774487049,-0.876102412019,0.701796060461,-0.114525955384,0.20493893413,-0.487436498874,0.0637302547645
=>, 0.0484725375155,0.731059404988,-0.277153150971,-0.565293464192,-0.58030069319,-2.66549442979,0.650106398582
=>, 1.82576493326,0.278365855685,2.06429425651,-1.20338459016,-0.90803454792,-2.73579279797,-0.448388889375
=>, 1.65311202921,0.569652140399,-0.21518111057,-0.887423936325,0.498548384061

